130
1 2 77 111
2 4 34 37 88 102
3 6 56 61 76 85 103 108
4 1 5
5 3 4 39 56
6 1 101
7 6 20 23 25 81 107 125
8 9 11 15 27 45 60 74 89 113 114
9 5 65 67 97 99 123
10 5 11 15 27 115 116
11 5 8 10 15 27 60
12 5 21 36 64 101 130
13 3 77 84 90
14 5 18 63 83 100 119
15 7 8 10 11 44 106 114 115
16 7 38 43 71 83 84 88 99
17 4 30 47 66 118
18 4 14 31 63 100
19 5 30 54 95 104 120
20 4 7 25 68 107
21 5 12 36 64 68 122
22 5 40 50 59 69 125
23 5 7 46 81 98 125
24 6 29 85 103 108 114 124
25 4 7 20 69 125
26 5 41 58 117 121 130
27 6 8 10 11 28 60 116
28 5 27 32 60 74 87
29 4 24 89 108 114
30 7 17 19 47 49 66 95 104
31 4 18 63 91 110
32 3 28 42 87
33 6 48 61 82 105 127 128
34 4 2 43 88 102
35 7 55 73 80 96 112 122 129
36 5 12 21 122 129 130
37 4 2 98 102 125
38 6 16 40 54 59 84 88
39 4 5 56 103 124
40 6 22 38 50 54 59 120
41 4 26 58 82 121
42 5 32 87 97 99 119
43 8 16 34 75 88 94 99 102 123
44 3 15 106 115
45 6 8 61 76 89 105 113
46 6 23 81 98 102 109 123
47 4 17 30 79 104
48 3 33 121 128
49 5 30 66 93 95 118
50 6 22 40 54 62 69 120
51 4 62 69 92 126
52 2 110 119
53 1 111
54 9 19 38 40 50 72 84 93 95 120
55 6 35 68 81 107 112 122
56 6 3 5 39 82 85 103
57 7 67 73 80 86 97 105 127
58 2 26 41
59 4 22 38 40 125
60 5 8 11 27 28 74
61 6 3 33 45 76 85 105
62 5 50 51 69 92 120
63 5 14 18 31 110 119
64 3 12 21 68
65 4 9 97 99 123
66 5 17 30 49 93 118
67 6 9 57 80 96 97 123
68 6 20 21 55 64 107 122
69 7 22 25 50 51 62 125 126
70 4 77 90 100 111
71 5 16 83 84 90 100
72 4 54 84 93 118
73 6 35 57 80 127 128 129
74 5 8 28 60 87 113
75 2 43 123
76 5 3 45 61 89 108
77 5 1 13 70 90 111
78 1 91
79 3 47 92 104
80 5 35 57 67 73 96
81 7 7 23 46 55 107 109 112
82 4 33 41 56 121
83 6 14 16 71 99 100 119
84 7 13 16 38 54 71 72 90
85 7 3 24 56 61 103 105 108
86 4 57 97 105 113
87 6 28 32 42 74 97 113
88 5 2 16 34 38 43
89 6 8 29 45 76 108 114
90 6 13 70 71 77 84 100
91 3 31 78 110
92 6 51 62 79 104 120 126
93 6 49 54 66 72 95 118
94 2 43 123
95 5 19 30 49 54 93
96 6 35 67 80 109 112 123
97 9 9 42 57 65 67 86 87 99 113
98 5 23 37 46 102 125
99 8 9 16 42 43 65 83 97 119
100 7 14 18 70 71 83 90 111
101 4 6 12 117 130
102 7 2 34 37 43 46 98 123
103 6 3 24 39 56 85 124
104 6 19 30 47 79 92 120
105 8 33 45 57 61 85 86 113 127
106 2 15 44
107 5 7 20 55 68 81
108 6 3 24 29 76 85 89
109 4 46 81 96 123
110 5 31 52 63 91 119
111 5 1 53 70 77 100
112 4 35 55 81 96
113 7 8 45 74 86 87 97 105
114 5 8 15 24 29 89
115 4 10 15 44 116
116 3 10 27 115
117 3 26 101 130
118 5 17 49 66 72 93
119 7 14 42 52 63 83 99 110
120 7 19 40 50 54 62 92 104
121 7 26 41 48 82 128 129 130
122 6 21 35 36 55 68 129
123 10 9 43 46 65 67 75 94 96 102 109
124 3 24 39 103
125 8 7 22 23 25 37 59 69 98
126 3 51 69 92
127 5 33 57 73 105 128
128 6 33 48 73 121 127 129
129 7 35 36 73 121 122 128 130
130 7 12 26 36 101 117 121 129
